00000000	00000000	00000000	00000000	l1rb.txt	00000000	00000000	00000000
0000000
0	l1mb.txt	l1r6.txt	l1r7.txt	l1r8.txt
	00000000	00000000	00000000
00000000	00000000	l1r5.txt	00000000	00000000	00000000	00000000	00000000
0000000
0	00000000	l1r4.txt	00000000	00000000	00000000	00000000	00000000

l1r1.txt	l1r2.txt	l1r3.txt	00000000	00000000	00000000	00000000	00000000
00000000	00000000	00000000	00000000	00000000	00000000	00000000	00000000
00000000	00000000	00000000	00000000	00000000	00000000	00000000	00000000
00000000	00000000	00000000	00000000	00000000	00000000	00000000	00000000